1414.0 1414.0 1414.0 1414.0 729.56854249 734.95331881 729.56854249 734.95331881 899.33521145 860.0 899.33521145 860.0 921.86386568 948.63305202 921.86386568 948.63305202 1538.49747468 1538.49747468 1538.49747468 1538.49747468 4999.52691193 5000.76955262 4999.52691193 5000.76955262 1409.0 1409.0 1409.0 1409.0 1078.07431041 1106.44250278 1078.07431041 1106.44250278 964.0 964.0 964.0 964.0 938.0 938.0 938.0 938.0 
460.48887066 37.0 0.0 459.0 414.84011861 508.70586212 374.63645514 461.50297941 269.75729833 88.0 48.0 313.69411853 386.3215597 228.35147993 149.96666296 277.31931054 469.69138804 463.0 109.0 133.45411196 483.832502 650.53977588 240.40137273 509.25110664 683.16698789 506.0 474.0 659.81588341 748.79461873 647.48477571 580.30665664 691.36524206 626.99887965 591.0 517.0 560.95735118 622.0 773.86492736 602.0 757.62953279 
37.0 460.48887066 459.0 0.0 210.20836283 188.0 101.11874208 48.0 228.00533996 467.35960459 461.50297941 156.54072952 234.63864299 395.33021181 372.31304033 247.71538747 607.98950547 686.98950547 471.76477189 398.45095445 587.30919995 461.0 401.73486638 201.0 506.0 696.73417952 687.65923581 474.0 591.0 672.51957377 558.77813128 517.0 659.2367503 752.1849717 701.94663958 588.59331302 775.857816 622.0 760.50040181 602.0 
0.0 459.0 460.48887066 37.0 177.86792853 151.0 89.67719889 11.0 221.46913174 462.53807488 459.1466896 150.17873909 202.7341922 388.79400359 365.92937227 241.17917925 576.08505469 655.08505469 466.09379822 392.4133271 555.40474917 424.0 395.19865816 164.0 469.0 664.82972873 655.75478503 437.0 554.0 640.03320931 524.73231271 480.0 626.75038585 720.28052091 670.0421888 556.20230133 743.95336521 585.0 728.59595102 565.0 
459.0 0.0 37.0 460.48887066 397.39340401 491.25914753 372.59268073 459.46769423 260.04999519 51.0 11.0 310.1950999 368.87484511 203.84546994 125.68982821 264.9698096 433.26319945 426.0 72.0 105.41821474 447.56878642 626.20736444 215.89536275 491.80439205 658.6609779 469.0 437.0 635.39316109 724.28860874 611.22106013 555.80064665 666.85923207 590.73516407 554.0 480.0 536.4513412 585.0 749.35891738 565.0 733.1235228 
89.67719889 372.59268073 374.63645514 101.11874208 156.98424753 165.89454482 0.0 89.0 135.05571923 376.12466237 372.73327709 63.76532657 181.41452769 302.38059108 279.51595976 154.76576674 554.76539017 633.76539017 379.68038571 305.99991459 534.08508465 425.18850582 308.78524565 177.00282484 469.67588269 643.51006422 634.43512051 438.02744662 553.96880692 619.29545847 505.89361601 480.56776558 606.01263501 698.9608564 648.72252428 535.36919772 722.6337007 584.76933593 707.27628651 564.89514844 
11.0 459.46769423 461.50297941 48.0 168.62977199 140.0 89.0 0.0 221.93073273 462.99967587 459.60829058 150.64034007 193.83166949 389.25560457 366.39097326 241.64078024 567.18253197 646.18253197 466.55539921 392.87492809 546.50222645 413.0 395.66025914 153.0 458.0 655.92720601 646.85226231 426.0 543.0 630.52323893 514.68922662 469.0 617.24041546 711.3779982 661.13966608 546.73759702 735.0508425 574.0 719.69342831 554.0 
177.86792853 397.39340401 414.84011861 210.20836283 0.0 94.0 156.98424753 168.62977199 177.7349815 381.18177553 392.91778653 217.83030354 29.18416598 246.15509235 274.99641113 157.06159527 399.90872965 478.90872965 381.06589657 306.91326466 379.07519043 288.72997766 244.4147029 94.89467846 331.60217128 488.6534037 479.57845999 301.05149061 413.81759267 462.33089356 349.52110094 342.1651648 449.04807009 543.72235562 493.86586376 378.43097125 567.08112294 444.06305859 551.92481372 424.53739529 
151.0 491.25914753 508.70586212 188.0 94.0 0.0 165.89454482 140.0 271.60072502 475.04751905 486.78353005 227.42661037 123.0499095 340.02083587 368.86215464 250.92733878 471.2021295 550.2021295 474.93164009 400.77900818 449.41962574 273.0 338.24990761 13.0 318.0 559.94680355 550.87185984 286.0 403.0 515.92463435 391.38855374 329.0 502.64181089 610.81093638 565.15926361 432.6684643 631.69375492 434.0 618.12377401 414.0 
459.1466896 11.0 48.0 461.50297941 392.91778653 486.78353005 372.73327709 459.60829058 258.11818998 40.0 0.0 310.0 364.39922763 198.0024991 119.84685736 262.19458423 422.45236418 415.0 61.0 98.23441352 436.81243721 620.3643936 210.0523919 487.32877457 652.81800706 458.0 426.0 629.55019024 718.4456379 600.46471093 549.95767581 661.01626123 579.97881486 543.0 469.0 527.89418814 574.0 743.51594654 554.0 727.28055196 
150.17873909 310.1950999 313.69411853 156.54072952 217.83030354 227.42661037 63.76532657 150.64034007 71.63356705 312.56999216 310.0 0.0 217.31933517 238.95843889 215.8008341 91.34361456 492.27677114 571.27677114 315.9446154 242.23522931 474.69628636 486.03456183 245.36309347 238.15759829 530.52193869 581.02144519 571.94650148 498.87350262 613.25387836 592.61371896 498.32796037 541.41382158 579.33089549 637.7504111 586.23390525 506.4507459 663.98145089 641.69697494 646.86964539 623.31045093 
221.46913174 260.04999519 269.75729833 228.00533996 177.7349815 271.60072502 135.05571923 221.93073273 0.0 255.0 258.11818998 71.63356705 149.2164226 169.40188901 153.44380079 21.0 420.69500851 499.69500851 255.92011154 181.76747963 403.16001786 430.54389328 175.28548143 272.14596954 469.13917952 509.43968256 500.36473885 441.54411748 545.1509658 522.166241 429.07458559 478.77472957 508.88341753 566.16864846 514.65214262 435.85548064 592.39968826 573.59406238 575.28788276 555.20753836 
462.53807488 51.0 88.0 467.35960459 381.18177553 475.04751905 376.12466237 462.99967587 255.0 0.0 40.0 312.56999216 352.61628978 185.22659154 107.07094981 255.86324472 383.23100083 375.0 21.0 79.81227976 397.81432903 607.58848605 197.27648435 475.59276357 640.0420995 418.0 386.0 616.77428269 705.66973034 561.46660274 537.18176825 648.24035367 540.98070668 503.0 429.0 488.89607996 534.0 730.74003898 514.0 714.5046444 
365.92937227 125.68982821 149.96666296 372.31304033 274.99641113 368.86215464 279.51595976 366.39097326 153.44380079 107.07094981 119.84685736 215.8008341 246.35137507 81.58431222 0.0 152.0 369.72633078 391.36255081 106.95507085 32.80243893 354.86487052 500.63959092 93.74433316 369.40739916 533.24009602 433.23331996 402.05002343 509.86370728 599.21615466 503.61209135 432.66615306 541.47945483 487.800164 515.19997073 443.98045189 414.83611222 541.43101052 624.42373433 524.31920502 608.09949844 
241.17917925 264.9698096 277.31931054 247.71538747 157.06159527 250.92733878 154.76576674 241.64078024 21.0 255.86324472 262.19458423 91.34361456 128.54303636 157.78466339 152.0 0.0 401.56497539 480.56497539 255.85660393 181.70397202 383.81375692 409.87050704 162.54230219 251.4725833 448.46579328 490.30964943 481.23470573 420.87073124 524.47757956 501.43524883 408.07842384 458.10134334 488.15242537 547.03861534 495.5221095 415.2023603 573.26965513 552.92067614 556.15784963 534.53415213 
202.7341922 368.87484511 386.3215597 234.63864299 29.18416598 123.0499095 181.41452769 193.83166949 149.2164226 352.61628978 364.39922763 217.31933517 0.0 217.0 246.35137507 128.54303636 379.22819012 458.22819012 352.50041082 278.3477789 358.80356743 298.51800616 215.33462332 123.58397954 340.02646956 467.97286416 458.89792046 310.40940707 420.39624166 448.33269902 339.8602654 350.30415356 435.04987555 523.9274759 473.18532423 364.07142156 548.07390013 450.13109202 532.41431235 430.92690796 
388.79400359 203.84546994 228.35147993 395.33021181 246.15509235 340.02083587 302.38059108 389.25560457 169.40188901 185.22659154 198.0024991 238.95843889 217.0 0.0 81.58431222 157.78466339 288.51452197 367.51452197 185.11071258 110.95808067 273.65306171 435.41244815 12.16552506 340.2116988 464.85374044 377.25919601 368.18425231 443.64963654 526.50166192 422.04901666 352.09089735 472.42353879 406.30653453 433.98816192 382.47165608 333.26415949 460.21920171 550.53519415 443.10739621 534.94766099 
466.09379822 72.0 109.0 471.76477189 381.06589657 474.93164009 379.68038571 466.55539921 255.92011154 21.0 61.0 315.9446154 352.50041082 185.11071258 106.95507085 255.85660393 362.70787143 354.0 0.0 77.0 377.42707519 607.47260709 197.16060539 475.47688461 639.92622054 397.0 365.0 616.65840373 705.55385138 541.0793489 531.28865635 648.12447471 520.59345284 482.0 408.0 468.50882612 513.0 730.62416002 493.0 714.38876544 
392.4133271 105.41821474 133.45411196 398.45095445 306.91326466 400.77900818 305.99991459 392.87492809 181.76747963 79.81227976 98.23441352 242.23522931 278.3477789 110.95808067 32.80243893 181.70397202 357.23960683 362.27751793 77.0 0.0 371.21274804 533.31997517 123.00797347 401.3242527 565.77358863 404.39831849 373.03351056 542.50577181 631.40121947 532.26275416 462.91325738 573.9718428 514.37912569 488.11166755 415.2023603 443.56395192 518.74656625 656.4715281 498.97695338 640.23613353 
576.08505469 433.26319945 469.69138804 607.98950547 399.90872965 471.2021295 554.76539017 567.18253197 420.69500851 383.23100083 422.45236418 492.27677114 379.22819012 288.51452197 369.72633078 401.56497539 0.0 79.0 362.70787143 357.23960683 23.16552506 380.00542001 276.41813528 463.5538642 382.42515608 89.94442729 79.76214641 380.15917719 402.29159084 182.7720356 176.46529404 383.81766504 161.81779877 150.41608956 95.69221494 112.76967678 177.54436065 419.94740416 159.8812059 407.7983315 
655.08505469 426.0 463.0 686.98950547 478.90872965 550.2021295 633.76539017 646.18253197 499.69500851 375.0 415.0 571.27677114 458.22819012 367.51452197 391.36255081 480.56497539 79.0 0.0 354.0 362.27751793 102.16552506 459.00542001 355.41813528 542.5538642 461.00976128 43.0 11.0 459.13178936 478.81496847 242.26519665 252.8339376 462.16555475 219.24415614 128.0 54.0 186.01075238 159.0 496.4707818 139.0 484.32170914 
395.19865816 215.89536275 240.40137273 401.73486638 244.4147029 338.24990761 308.78524565 395.66025914 175.28548143 197.27648435 210.0523919 245.36309347 215.33462332 12.16552506 93.74433316 162.54230219 276.41813528 355.41813528 197.16060539 123.00797347 261.55667502 426.43170614 0.0 338.0 455.26805291 365.16280933 356.08786562 434.48014914 516.08526427 409.88382134 340.19406226 462.70941205 394.14337493 421.89177524 370.37526939 321.099673 448.12281503 539.89350802 431.01100953 524.44732815 
164.0 491.80439205 509.25110664 201.0 94.89467846 13.0 177.00282484 153.0 272.14596954 475.59276357 487.32877457 238.15759829 123.58397954 340.2116988 369.40739916 251.4725833 463.5538642 542.5538642 475.47688461 401.3242527 441.64352141 260.0 338.0 0.0 305.0 552.29853824 543.22359454 273.0 390.0 506.08822576 380.52595181 316.0 492.80540229 602.31304153 557.5109983 422.86759157 622.83384622 421.0 609.49323212 401.0 
555.40474917 447.56878642 483.832502 587.30919995 379.07519043 449.41962574 534.08508465 546.50222645 403.16001786 397.81432903 436.81243721 474.69628636 358.80356743 273.65306171 354.86487052 383.81375692 23.16552506 102.16552506 377.42707519 371.21274804 0.0 357.0 261.55667502 441.64352141 359.82495744 111.48542506 102.8352554 357.23661626 380.86724692 170.42570121 155.43809057 361.36546598 150.58552387 165.23922053 116.36150566 94.40338977 190.59118553 398.52306024 174.02586015 386.37398758 
424.0 626.20736444 650.53977588 461.0 288.72997766 273.0 425.18850582 413.0 430.54389328 607.58848605 620.3643936 486.03456183 298.51800616 435.41244815 500.63959092 409.87050704 380.00542001 459.00542001 607.47260709 533.31997517 357.0 0.0 426.43170614 260.0 45.0 461.20060711 459.18405896 13.0 130.0 299.28020631 219.27152118 56.0 323.91736832 480.7165029 462.40350345 288.75655781 495.12791809 161.0 485.42299248 141.0 
655.75478503 437.0 474.0 687.65923581 479.57845999 550.87185984 634.43512051 646.85226231 500.36473885 386.0 426.0 571.94650148 458.89792046 368.18425231 402.05002343 481.23470573 79.76214641 11.0 365.0 373.03351056 102.8352554 459.18405896 356.08786562 543.22359454 460.11411628 32.0 0.0 459.0 476.6240346 236.28360263 250.71497761 461.00976128 213.00938946 117.0 43.0 183.12017912 148.0 494.05740564 128.0 482.13077527 
437.0 635.39316109 659.81588341 474.0 301.05149061 286.0 438.02744662 426.0 441.54411748 616.77428269 629.55019024 498.87350262 310.40940707 443.64963654 509.86370728 420.87073124 380.15917719 459.13178936 616.65840373 542.50577181 357.23661626 13.0 434.48014914 273.0 32.0 460.11411628 459.0 0.0 117.0 290.12326123 216.31689717 43.0 314.76042324 478.83520486 461.00976128 286.87525977 493.24662004 148.0 483.54169443 128.0 
469.0 658.6609779 683.16698789 506.0 331.60217128 318.0 469.67588269 458.0 469.13917952 640.0420995 652.81800706 530.52193869 340.02646956 464.85374044 533.24009602 448.46579328 382.42515608 461.00976128 639.92622054 565.77358863 359.82495744 45.0 455.26805291 305.0 0.0 459.0 460.11411628 32.0 85.0 271.58770295 212.28518554 11.0 296.22486496 474.22486496 459.26621722 284.86792059 476.75032019 116.0 474.54470016 96.0 
664.82972873 469.0 506.0 696.73417952 488.6534037 559.94680355 643.51006422 655.92720601 509.43968256 418.0 458.0 581.02144519 467.97286416 377.25919601 433.23331996 490.30964943 89.94442729 43.0 397.0 404.39831849 111.48542506 461.20060711 365.16280933 552.29853824 459.0 0.0 32.0 460.11411628 473.76735662 221.23416707 247.85840136 459.18776721 197.25364382 85.0 11.0 178.33956375 116.0 479.00797007 96.0 477.45814824 
524.73231271 555.80064665 580.30665664 558.77813128 349.52110094 391.38855374 505.89361601 514.68922662 429.07458559 537.18176825 549.95767581 498.32796037 339.8602654 352.09089735 432.66615306 408.07842384 176.46529404 252.8339376 531.28865635 462.91325738 155.43809057 219.27152118 340.19406226 380.52595181 212.28518554 247.85840136 250.71497761 216.31689717 226.01088622 156.85575588 0.0 212.0 143.57293241 265.68176972 248.12012125 73.72182463 280.0931849 243.66669955 270.38825929 231.51762689 
480.0 666.85923207 691.36524206 517.0 342.1651648 329.0 480.56776558 469.0 478.77472957 648.24035367 661.01626123 541.41382158 350.30415356 472.42353879 541.47945483 458.10134334 383.81766504 462.16555475 648.12447471 573.9718428 361.36546598 56.0 462.70941205 316.0 11.0 459.18776721 461.00976128 43.0 74.0 267.01993102 212.0 0.0 291.65709303 469.65709303 459.4494871 285.05119047 472.18254825 105.0 469.97692823 85.0 
554.0 724.28860874 748.79461873 591.0 413.81759267 403.0 553.96880692 543.0 545.1509658 705.66973034 718.4456379 613.25387836 420.39624166 526.50166192 599.21615466 524.47757956 402.29159084 478.81496847 705.55385138 631.40121947 380.86724692 130.0 516.08526427 390.0 85.0 473.76735662 476.6240346 117.0 0.0 256.0 226.01088622 74.0 281.0 459.0 472.9704412 299.63077989 460.04564991 31.0 459.13178936 11.0 
640.03320931 611.22106013 647.48477571 672.51957377 462.33089356 515.92463435 619.29545847 630.52323893 522.166241 561.46660274 600.46471093 592.61371896 448.33269902 422.04901666 503.61209135 501.43524883 182.7720356 242.26519665 541.0793489 532.26275416 170.42570121 299.28020631 409.88382134 506.08822576 271.58770295 221.23416707 236.28360263 290.12326123 256.0 0.0 156.85575588 267.01993102 25.0 203.0 216.9704412 88.81310046 205.353354 257.87012235 203.2978111 256.23621914 
670.0421888 480.0 517.0 701.94663958 493.86586376 565.15926361 648.72252428 661.13966608 514.65214262 429.0 469.0 586.23390525 473.18532423 382.47165608 443.98045189 495.5221095 95.69221494 54.0 408.0 415.2023603 116.36150566 462.40350345 370.37526939 557.5109983 459.26621722 11.0 43.0 461.00976128 472.9704412 216.9704412 248.12012125 459.4494871 192.76929216 74.0 0.0 178.0 105.0 474.7442442 85.0 473.19442237 
556.20230133 536.4513412 560.95735118 588.59331302 378.43097125 432.6684643 535.36919772 546.73759702 435.85548064 488.89607996 527.89418814 506.4507459 364.07142156 333.26415949 414.83611222 415.2023603 112.76967678 186.01075238 468.50882612 443.56395192 94.40338977 288.75655781 321.099673 422.86759157 284.86792059 178.33956375 183.12017912 286.87525977 299.63077989 88.81310046 73.72182463 285.05119047 74.0 192.76929216 178.0 0.0 206.66155908 317.28659321 197.25364382 305.13752055 
626.75038585 590.73516407 626.99887965 659.2367503 449.04807009 502.64181089 606.01263501 617.24041546 508.88341753 540.98070668 579.97881486 579.33089549 435.04987555 406.30653453 487.800164 488.15242537 161.81779877 219.24415614 520.59345284 514.37912569 150.58552387 323.91736832 394.14337493 492.80540229 296.22486496 197.25364382 213.00938946 314.76042324 281.0 25.0 143.57293241 291.65709303 0.0 178.0 192.76929216 74.0 180.67927385 282.70479303 178.33956375 281.21522007 
720.28052091 554.0 591.0 752.1849717 543.72235562 610.81093638 698.9608564 711.3779982 566.16864846 503.0 543.0 637.7504111 523.9274759 433.98816192 515.19997073 547.03861534 150.41608956 128.0 482.0 488.11166755 165.23922053 480.7165029 421.89177524 602.31304153 474.22486496 85.0 117.0 478.83520486 459.0 203.0 265.68176972 469.65709303 178.0 0.0 74.0 192.76929216 31.0 460.04564991 11.0 459.13178936 
728.59595102 565.0 602.0 760.50040181 551.92481372 618.12377401 707.27628651 719.69342831 575.28788276 514.0 554.0 646.86964539 532.41431235 443.10739621 524.31920502 556.15784963 159.8812059 139.0 493.0 498.97695338 174.02586015 485.42299248 431.01100953 609.49323212 474.54470016 96.0 128.0 483.54169443 459.13178936 203.2978111 270.38825929 469.97692823 178.33956375 11.0 85.0 197.25364382 20.0 459.43552322 0.0 459.0 
565.0 733.1235228 757.62953279 602.0 424.53739529 414.0 564.89514844 554.0 555.20753836 714.5046444 727.28055196 623.31045093 430.92690796 534.94766099 608.09949844 534.53415213 407.7983315 484.32170914 714.38876544 640.23613353 386.37398758 141.0 524.44732815 401.0 96.0 477.45814824 482.13077527 128.0 11.0 256.23621914 231.51762689 85.0 281.21522007 459.13178936 473.19442237 305.13752055 459.43552322 20.0 459.0 0.0 
743.95336521 585.0 622.0 775.857816 567.08112294 631.69375492 722.6337007 735.0508425 592.39968826 534.0 574.0 663.98145089 548.07390013 460.21920171 541.43101052 573.26965513 177.54436065 159.0 513.0 518.74656625 190.59118553 495.12791809 448.12281503 622.83384622 476.75032019 116.0 148.0 493.24662004 460.04564991 205.353354 280.0931849 472.18254825 180.67927385 31.0 105.0 206.66155908 0.0 459.0 20.0 459.43552322 
585.0 749.35891738 773.86492736 622.0 444.06305859 434.0 584.76933593 574.0 573.59406238 730.74003898 743.51594654 641.69697494 450.13109202 550.53519415 624.42373433 552.92067614 419.94740416 496.4707818 730.62416002 656.4715281 398.52306024 161.0 539.89350802 421.0 116.0 479.00797007 494.05740564 148.0 31.0 257.87012235 243.66669955 105.0 282.70479303 460.04564991 474.7442442 317.28659321 459.0 0.0 459.43552322 20.0 
