2854.0 2854.0 2854.0 2854.0 1420.0 1420.0 1420.0 1420.0 1384.0 1384.0 1384.0 1384.0 2854.0 2854.0 2854.0 2854.0 
100.0 469.7669635 0.0 459.0 597.14120458 621.77832937 380.79092442 474.68094548 341.0 354.52785504 121.0 155.08062419 462.0 734.06347426 362.0 640.8866712 
469.7669635 100.0 459.0 0.0 355.36038046 341.0 156.97452023 121.0 622.30386236 598.19020487 474.68094548 383.15754715 733.40976208 462.0 641.44201616 362.0 
0.0 459.0 100.0 469.7669635 526.18242707 604.99671077 364.00930583 459.69186891 241.0 259.78837541 21.0 99.24716621 362.0 640.21213598 262.0 622.93445689 
459.0 0.0 469.7669635 100.0 260.9233604 241.0 102.18121158 21.0 605.5679638 528.13000567 459.69646783 366.4216486 639.6610412 362.0 622.33624846 262.0 
364.00930583 102.18121158 380.79092442 156.97452023 220.0 241.66091947 0.0 100.0 510.29120455 484.21823662 364.41970858 271.14488934 595.74927214 355.36038046 529.42935835 260.9233604 
459.69186891 21.0 474.68094548 121.0 241.66091947 220.0 100.0 0.0 603.42013633 509.04920783 460.10227166 366.82745243 620.58024335 341.0 603.25545062 241.0 
526.18242707 260.9233604 597.14120458 355.36038046 0.0 100.0 220.0 241.66091947 362.82455254 268.45362405 507.07144676 482.76781898 379.98465957 156.97452023 362.65986683 102.18121158 
604.99671077 241.0 621.77832937 341.0 100.0 0.0 241.66091947 220.0 459.7384962 365.3675677 603.98539042 512.13229429 474.68094548 121.0 459.57381048 21.0 
21.0 459.69646783 121.0 474.68094548 507.07144676 603.98539042 364.41970858 460.10227166 220.0 240.43502241 0.0 97.0 341.0 621.10115567 241.0 603.82347658 
99.24716621 366.4216486 155.08062419 383.15754715 482.76781898 512.13229429 271.14488934 366.82745243 240.43502241 220.0 97.0 0.0 354.52785504 596.79752789 259.78837541 531.24063613 
241.0 605.5679638 341.0 622.30386236 362.82455254 459.7384962 510.29120455 603.42013633 0.0 97.0 220.0 240.43502241 121.0 474.68094548 21.0 459.57658236 
259.78837541 528.13000567 354.52785504 598.19020487 268.45362405 365.3675677 484.21823662 509.04920783 97.0 0.0 240.43502241 220.0 155.08062419 382.48333296 99.24716621 365.20565387 
262.0 622.33624846 362.0 641.44201616 362.65986683 459.57381048 529.42935835 603.25545062 21.0 99.24716621 241.0 259.78837541 100.0 469.7669635 0.0 459.0 
622.93445689 262.0 640.8866712 362.0 102.18121158 21.0 260.9233604 241.0 459.57658236 365.20565387 603.82347658 531.24063613 469.7669635 100.0 459.0 0.0 
362.0 639.6610412 462.0 733.40976208 379.98465957 474.68094548 595.74927214 620.58024335 121.0 155.08062419 341.0 354.52785504 0.0 459.0 100.0 469.7669635 
640.21213598 362.0 734.06347426 462.0 156.97452023 121.0 355.36038046 341.0 474.68094548 382.48333296 621.10115567 596.79752789 459.0 0.0 469.7669635 100.0 
